              precision    recall  f1-score   support

    accident       0.84      0.76      0.80        49
         all       0.76      0.78      0.77        32
       apple       0.83      0.83      0.83        36
         bed       0.96      0.79      0.86        28
      before       0.87      0.89      0.88        66
        bird       0.79      0.90      0.84        29
       black       1.00      0.71      0.83        24
        blue       0.58      0.82      0.68        17
     bowling       0.67      0.89      0.76        38
         can       0.69      0.81      0.75        31
       candy       0.89      0.91      0.90        34
    computer       0.88      0.92      0.90        62
        cool       0.95      0.85      0.90        48
      cousin       0.88      0.90      0.89        41
        deaf       0.78      0.86      0.82        42
         dog       0.67      0.78      0.72        36
       drink       0.78      0.88      0.82        48
      family       0.81      0.87      0.84        39
        fine       0.87      0.87      0.87        31
      finish       0.93      0.78      0.85        32
        fish       0.89      0.94      0.91        34
          go       0.85      0.88      0.86        64
         hat       0.89      0.89      0.89        27
     hearing       0.96      0.96      0.96        24
        help       0.75      0.92      0.83        50
         hot       0.86      0.76      0.81        33
        kiss       0.89      0.86      0.88        29
    language       0.90      0.74      0.81        35
       later       0.86      0.84      0.85        38
        like       0.91      0.86      0.89        37
         man       0.75      0.64      0.69        33
        many       0.83      0.76      0.79        38
      mother       0.83      0.91      0.87        22
          no       0.83      0.93      0.88        42
         now       0.89      0.92      0.91        26
      orange       0.93      0.62      0.74        21
       shirt       0.89      0.80      0.85        51
       short       0.85      0.89      0.87        44
       study       0.91      0.77      0.83        39
        tall       0.96      0.69      0.80        35
thanksgiving       0.87      0.82      0.84        49
        thin       0.89      0.85      0.87        39
        walk       0.82      0.82      0.82        44
        what       0.81      0.90      0.85        39
       white       0.93      0.82      0.87        33
         who       0.77      0.77      0.77        31
       woman       0.82      0.72      0.77        32
       wrong       0.69      0.95      0.80        19
        year       0.90      0.88      0.89        32
         yes       0.87      0.85      0.86        40

    accuracy                           0.84      1843
   macro avg       0.84      0.83      0.84      1843
weighted avg       0.85      0.84      0.84      1843
